*statsStorage
Rooms array
array listing room id, number of spawners, path location x4(n, e, s, w), biome, edgetypes(n, e, s, w)

edgetypes :
0 - wall
1 - path
3 - river
biomes :
0 - forest

prefab rooms

000 - 11102, 10702, 11102, 10702, 0, 1, 1, 1, 1
001 - 11102, 00000, 11102, 10702, 0, 1, 0, 1, 1
002 - 00000, 10702, 11102, 10702, 0, 0, 1, 1, 1
003 - 11102, 10702, 11102, 00000, 0, 1, 1, 1, 0
004 - 11102, 10702, 00000, 10702, 0, 1, 1, 0, 1
005 - 00000, 00000, 11102, 10702, 0, 0, 0, 1, 1
006 - 00000, 10702, 11102, 00000, 0, 0, 1, 1, 0
007 - 00000, 10702, 00000, 10702, 0, 0, 1, 0, 1
008 - 11102, 00000, 11102, 00000, 0, 1, 0, 1, 0
009 - 11102, 00000, 00000, 10702, 0, 1, 0, 0, 1
010 - 11102, 10702, 00000, 00000, 0, 1, 1, 0, 0
011 - 11102, 00000, 00000, 00000, 0, 1, 0, 0, 0
012 - 00000, 10702, 00000, 00000, 0, 0, 1, 0, 0
013 - 00000, 00000, 11102, 00000, 0, 0, 0, 1, 0
014 - 00000, 00000, 00000, 10702, 0, 0, 0, 0, 1
015 - 
016 - 
017 - 
018 - 
019 - 
020 - 
021 -
022 -
023 -
024 -
025 -
026 -